4728580060786906,5812,3667.20,764,100.00,840,Retail Ship,051964,0613,TH,05,000000000000015,,
4728580060786906,6011,7334.40,764,200.00,840,Electronic Sales,055789,0613,TH,07,000000000000015,,

USA 
THAI


4728580033491985,3596,270.00,764,270.00,764,Wynn Las Vegas,971055,1007,TH,25,000000000000015,,	
4728580032400826,3596,550.00,764,550.00,764,Wynn Las Vegas,784430,1007,TH,25,000000000000015,,			
4728580086174988,5944,21000.00,764,21000.00,764,Jewelry Stores,161128,1007,TH,25,000000000000015,,																
